(kicad_pcb (version 20171130) (host pcbnew "(5.1.9)-1")

  (general
    (thickness 0.8)
    (drawings 20)
    (tracks 220)
    (zones 0)
    (modules 21)
    (nets 16)
  )

  (page A4)
  (layers
    (0 F.Cu signal)
    (31 B.Cu signal)
    (32 B.Adhes user hide)
    (33 F.Adhes user hide)
    (34 B.Paste user)
    (35 F.Paste user)
    (36 B.SilkS user)
    (37 F.SilkS user)
    (38 B.Mask user)
    (39 F.Mask user)
    (40 Dwgs.User user hide)
    (41 Cmts.User user hide)
    (42 Eco1.User user hide)
    (43 Eco2.User user hide)
    (44 Edge.Cuts user)
    (45 Margin user hide)
    (46 B.CrtYd user hide)
    (47 F.CrtYd user hide)
    (48 B.Fab user hide)
    (49 F.Fab user hide)
  )

  (setup
    (last_trace_width 0.25)
    (user_trace_width 0.2)
    (user_trace_width 0.2)
    (user_trace_width 0.5)
    (trace_clearance 0.15)
    (zone_clearance 0.3)
    (zone_45_only yes)
    (trace_min 0.2)
    (via_size 0.8)
    (via_drill 0.4)
    (via_min_size 0.4)
    (via_min_drill 0.2)
    (user_via 0.4 0.2)
    (user_via 0.5 0.25)
    (user_via 0.6 0.3)
    (uvia_size 0.3)
    (uvia_drill 0.1)
    (uvias_allowed no)
    (uvia_min_size 0.2)
    (uvia_min_drill 0.1)
    (edge_width 0.05)
    (segment_width 0.2)
    (pcb_text_width 0.3)
    (pcb_text_size 1.5 1.5)
    (mod_edge_width 0.12)
    (mod_text_size 1 1)
    (mod_text_width 0.15)
    (pad_size 2.3 3.3)
    (pad_drill 0)
    (pad_to_mask_clearance 0)
    (aux_axis_origin 0 0)
    (visible_elements 7FFFFF7F)
    (pcbplotparams
      (layerselection 0x010fc_ffffffff)
      (usegerberextensions true)
      (usegerberattributes true)
      (usegerberadvancedattributes true)
      (creategerberjobfile false)
      (excludeedgelayer true)
      (linewidth 0.100000)
      (plotframeref false)
      (viasonmask false)
      (mode 1)
      (useauxorigin false)
      (hpglpennumber 1)
      (hpglpenspeed 20)
      (hpglpendiameter 15.000000)
      (psnegative false)
      (psa4output false)
      (plotreference true)
      (plotvalue true)
      (plotinvisibletext false)
      (padsonsilk false)
      (subtractmaskfromsilk true)
      (outputformat 1)
      (mirror false)
      (drillshape 0)
      (scaleselection 1)
      (outputdirectory "Gerbers_HDMI/"))
  )

  (net 0 "")
  (net 1 +3V3)
  (net 2 GND)
  (net 3 +5V)
  (net 4 "Net-(C10-Pad2)")
  (net 5 D+)
  (net 6 D-)
  (net 7 "Net-(D2-Pad2)")
  (net 8 "Net-(J1-PadA5)")
  (net 9 "Net-(R2-Pad2)")
  (net 10 "Net-(R3-Pad2)")
  (net 11 "Net-(R5-Pad1)")
  (net 12 XB_RX)
  (net 13 XB_TX)
  (net 14 XB_CTS)
  (net 15 XB_RTS)

  (net_class Default "This is the default net class."
    (clearance 0.15)
    (trace_width 0.25)
    (via_dia 0.8)
    (via_drill 0.4)
    (uvia_dia 0.3)
    (uvia_drill 0.1)
    (add_net +3V3)
    (add_net +5V)
    (add_net D+)
    (add_net D-)
    (add_net GND)
    (add_net "Net-(C10-Pad2)")
    (add_net "Net-(D2-Pad2)")
    (add_net "Net-(J1-PadA5)")
    (add_net "Net-(J1-PadB5)")
    (add_net "Net-(R2-Pad2)")
    (add_net "Net-(R3-Pad2)")
    (add_net "Net-(R5-Pad1)")
    (add_net "Net-(U1-Pad1)")
    (add_net "Net-(U1-Pad10)")
    (add_net "Net-(U1-Pad11)")
    (add_net "Net-(U1-Pad12)")
    (add_net "Net-(U1-Pad13)")
    (add_net "Net-(U1-Pad14)")
    (add_net "Net-(U1-Pad15)")
    (add_net "Net-(U1-Pad16)")
    (add_net "Net-(U1-Pad17)")
    (add_net "Net-(U1-Pad22)")
    (add_net "Net-(U1-Pad23)")
    (add_net "Net-(U1-Pad24)")
    (add_net "Net-(U2-Pad11)")
    (add_net "Net-(U2-Pad13)")
    (add_net "Net-(U2-Pad14)")
    (add_net "Net-(U2-Pad15)")
    (add_net "Net-(U2-Pad16)")
    (add_net "Net-(U2-Pad17)")
    (add_net "Net-(U2-Pad18)")
    (add_net "Net-(U2-Pad19)")
    (add_net "Net-(U2-Pad20)")
    (add_net "Net-(U2-Pad22)")
    (add_net "Net-(U2-Pad23)")
    (add_net "Net-(U2-Pad25)")
    (add_net "Net-(U2-Pad28)")
    (add_net "Net-(U2-Pad29)")
    (add_net "Net-(U2-Pad30)")
    (add_net "Net-(U2-Pad31)")
    (add_net "Net-(U2-Pad33)")
    (add_net "Net-(U2-Pad5)")
    (add_net "Net-(U2-Pad7)")
    (add_net "Net-(U2-Pad8)")
    (add_net "Net-(U2-Pad9)")
    (add_net XB_CTS)
    (add_net XB_RTS)
    (add_net XB_RX)
    (add_net XB_TX)
  )

  (module Dongle:USB_C_Plug_Molex_105444 (layer F.Cu) (tedit 60E9F768) (tstamp 60E9F13A)
    (at 132.75 69.04 180)
    (descr "Universal Serial Bus (USB) Shielded I/O Plug, Type C, Right Angle, Surface Mount, http://www.molex.com/pdm_docs/sd/1054440001_sd.pdf")
    (tags "USB Type-C Plug Edge Mount")
    (path /60EA4530)
    (attr smd)
    (fp_text reference J1 (at 0 2.04) (layer F.SilkS) hide
      (effects (font (size 1 1) (thickness 0.15)))
    )
    (fp_text value "Molex 105444-0011" (at 0 -1.96) (layer F.Fab)
      (effects (font (size 1 1) (thickness 0.15)))
    )
    (fp_line (start -4.3 1.96) (end -4.3 -1.46) (layer F.CrtYd) (width 0.05))
    (fp_line (start 3.35 0) (end 4.3 0) (layer F.Fab) (width 0.1))
    (fp_line (start 3.05 -0.66) (end 3.05 -0.3) (layer F.Fab) (width 0.1))
    (fp_line (start -2.75 -0.96) (end 2.75 -0.96) (layer F.Fab) (width 0.1))
    (fp_line (start -3.05 -0.66) (end -3.05 -0.3) (layer F.Fab) (width 0.1))
    (fp_line (start -3.35 0) (end -4.3 0) (layer F.Fab) (width 0.1))
    (fp_line (start 4.3 1.96) (end 4.3 -1.46) (layer F.CrtYd) (width 0.05))
    (fp_line (start 4.3 -1.46) (end -4.3 -1.46) (layer F.CrtYd) (width 0.05))
    (fp_line (start 4.3 1.96) (end -4.3 1.96) (layer F.CrtYd) (width 0.05))
    (fp_arc (start -3.35 -0.3) (end -3.05 -0.3) (angle 90) (layer F.Fab) (width 0.1))
    (fp_arc (start 3.35 -0.3) (end 3.35 0) (angle 90) (layer F.Fab) (width 0.1))
    (fp_arc (start -2.75 -0.66) (end -3.05 -0.66) (angle 90) (layer F.Fab) (width 0.1))
    (fp_arc (start 2.75 -0.66) (end 2.75 -0.96) (angle 90) (layer F.Fab) (width 0.1))
    (fp_text user "PCB Edge" (at 0 -0.96) (layer Dwgs.User)
      (effects (font (size 0.5 0.5) (thickness 0.08)))
    )
    (fp_text user %R (at 0 2.04) (layer F.Fab)
      (effects (font (size 1 1) (thickness 0.1)))
    )
    (pad B12 smd rect (at -2.75 0.04 180) (size 0.32 1) (layers B.Cu B.Paste B.Mask)
      (net 2 GND))
    (pad B11 smd rect (at -2.25 0.04 180) (size 0.32 1) (layers B.Cu B.Paste B.Mask))
    (pad B10 smd rect (at -1.75 0.04 180) (size 0.32 1) (layers B.Cu B.Paste B.Mask))
    (pad B9 smd rect (at -1.25 0.04 180) (size 0.32 1) (layers B.Cu B.Paste B.Mask)
      (net 3 +5V))
    (pad B8 smd rect (at -0.75 0.04 180) (size 0.32 1) (layers B.Cu B.Paste B.Mask))
    (pad B5 smd rect (at 0.75 0.04 180) (size 0.32 1) (layers B.Cu B.Paste B.Mask))
    (pad B4 smd rect (at 1.25 0.04 180) (size 0.32 1) (layers B.Cu B.Paste B.Mask)
      (net 3 +5V))
    (pad B3 smd rect (at 1.75 0.04 180) (size 0.32 1) (layers B.Cu B.Paste B.Mask))
    (pad B2 smd rect (at 2.25 0.04 180) (size 0.32 1) (layers B.Cu B.Paste B.Mask))
    (pad B1 smd rect (at 2.75 0.04 180) (size 0.32 1) (layers B.Cu B.Paste B.Mask)
      (net 2 GND))
    (pad S1 smd rect (at 3.42 0.88 180) (size 0.65 1.15) (layers B.Cu B.Paste B.Mask)
      (net 2 GND))
    (pad S1 smd rect (at -3.42 0.88 180) (size 0.65 1.15) (layers F.Cu F.Paste F.Mask)
      (net 2 GND))
    (pad A12 smd rect (at 2.75 0.04 180) (size 0.32 1) (layers F.Cu F.Paste F.Mask)
      (net 2 GND))
    (pad A11 smd rect (at 2.25 0.04 180) (size 0.32 1) (layers F.Cu F.Paste F.Mask))
    (pad A10 smd rect (at 1.75 0.04 180) (size 0.32 1) (layers F.Cu F.Paste F.Mask))
    (pad A9 smd rect (at 1.25 0.04 180) (size 0.32 1) (layers F.Cu F.Paste F.Mask)
      (net 3 +5V))
    (pad A8 smd rect (at 0.75 0.04 180) (size 0.32 1) (layers F.Cu F.Paste F.Mask))
    (pad A7 smd rect (at 0.25 0.04 180) (size 0.32 1) (layers F.Cu F.Paste F.Mask)
      (net 6 D-))
    (pad A6 smd rect (at -0.25 0.04 180) (size 0.32 1) (layers F.Cu F.Paste F.Mask)
      (net 5 D+))
    (pad A5 smd rect (at -0.75 0.04 180) (size 0.32 1) (layers F.Cu F.Paste F.Mask)
      (net 8 "Net-(J1-PadA5)"))
    (pad A4 smd rect (at -1.25 0.04 180) (size 0.32 1) (layers F.Cu F.Paste F.Mask)
      (net 3 +5V))
    (pad A3 smd rect (at -1.75 0.04 180) (size 0.32 1) (layers F.Cu F.Paste F.Mask))
    (pad A2 smd rect (at -2.25 0.04 180) (size 0.32 1) (layers F.Cu F.Paste F.Mask))
    (pad A1 smd rect (at -2.75 0.04 180) (size 0.32 1) (layers F.Cu F.Paste F.Mask)
      (net 2 GND))
    (model ${KIPRJMOD}/libraries/modules/package3d/1054440011.stp
      (offset (xyz 0 3.35 -0.5))
      (scale (xyz 1 1 1))
      (rotate (xyz 90 0 0))
    )
  )

  (module Dongle:Module_XCVR_XB3-24Z8CM-J (layer F.Cu) (tedit 60E9DED8) (tstamp 60E9F203)
    (at 132.762099 55)
    (path /60E9CAA1)
    (fp_text reference U2 (at -2.919 -11.4982) (layer F.SilkS) hide
      (effects (font (size 1 1) (thickness 0.15)))
    )
    (fp_text value Digi_XBee3_MMT (at 6.5394 11.4018) (layer F.Fab)
      (effects (font (size 1.32 1.32) (thickness 0.015)))
    )
    (fp_line (start 6.7691 9.652) (end 6.7691 8.68) (layer F.SilkS) (width 0.127))
    (fp_line (start 5.15 9.652) (end 6.7691 9.652) (layer F.SilkS) (width 0.127))
    (fp_line (start -6.7691 9.652) (end -5.15 9.652) (layer F.SilkS) (width 0.127))
    (fp_line (start -6.7691 8.68) (end -6.7691 9.652) (layer F.SilkS) (width 0.127))
    (fp_line (start 6.7691 -9.652) (end 6.7691 -9.13) (layer F.SilkS) (width 0.127))
    (fp_line (start -6.7691 -9.652) (end 6.7691 -9.652) (layer F.SilkS) (width 0.127))
    (fp_line (start -6.7691 -6.61) (end -6.7691 -9.652) (layer F.SilkS) (width 0.127))
    (fp_line (start 6.7691 9.652) (end -6.7691 9.652) (layer F.Fab) (width 0.127))
    (fp_line (start 6.7691 -9.652) (end 6.7691 9.652) (layer F.Fab) (width 0.127))
    (fp_line (start -6.7691 -9.652) (end 6.7691 -9.652) (layer F.Fab) (width 0.127))
    (fp_line (start -6.7691 9.652) (end -6.7691 -9.652) (layer F.Fab) (width 0.127))
    (pad 34 smd rect (at 6.5532 -8.3566) (size 1.4478 0.8382) (layers F.Cu F.Paste F.Mask)
      (net 2 GND))
    (pad 33 smd rect (at 6.5532 -7.09168) (size 1.4478 0.8382) (layers F.Cu F.Paste F.Mask))
    (pad 32 smd rect (at 6.5532 -5.842) (size 1.4478 0.8382) (layers F.Cu F.Paste F.Mask)
      (net 2 GND))
    (pad 31 smd rect (at 6.5532 -4.59232) (size 1.4478 0.8382) (layers F.Cu F.Paste F.Mask))
    (pad 30 smd rect (at 6.5532 -3.34264) (size 1.4478 0.8382) (layers F.Cu F.Paste F.Mask))
    (pad 29 smd rect (at 6.5532 -2.09296) (size 1.4478 0.8382) (layers F.Cu F.Paste F.Mask))
    (pad 28 smd rect (at 6.5532 -0.843281) (size 1.4478 0.8382) (layers F.Cu F.Paste F.Mask))
    (pad 27 smd rect (at 6.5532 0.4064) (size 1.4478 0.8382) (layers F.Cu F.Paste F.Mask)
      (net 15 XB_RTS))
    (pad 26 smd rect (at 6.5532 1.65608) (size 1.4478 0.8382) (layers F.Cu F.Paste F.Mask)
      (net 11 "Net-(R5-Pad1)"))
    (pad 25 smd rect (at 6.5532 2.90576) (size 1.4478 0.8382) (layers F.Cu F.Paste F.Mask))
    (pad 24 smd rect (at 6.5532 4.15544) (size 1.4478 0.8382) (layers F.Cu F.Paste F.Mask)
      (net 14 XB_CTS))
    (pad 23 smd rect (at 6.5532 5.40512) (size 1.4478 0.8382) (layers F.Cu F.Paste F.Mask))
    (pad 22 smd rect (at 6.5532 6.6548) (size 1.4478 0.8382) (layers F.Cu F.Paste F.Mask))
    (pad 21 smd rect (at 6.5532 7.90448) (size 1.4478 0.8382) (layers F.Cu F.Paste F.Mask)
      (net 2 GND))
    (pad 20 smd rect (at 4.3815 9.4361) (size 0.8382 1.4478) (layers F.Cu F.Paste F.Mask))
    (pad 19 smd rect (at 3.11658 9.4361) (size 0.8382 1.4478) (layers F.Cu F.Paste F.Mask))
    (pad 18 smd rect (at 1.8669 9.4361) (size 0.8382 1.4478) (layers F.Cu F.Paste F.Mask))
    (pad 17 smd rect (at 0.617219 9.4361) (size 0.8382 1.4478) (layers F.Cu F.Paste F.Mask))
    (pad 16 smd rect (at -0.632459 9.4361) (size 0.8382 1.4478) (layers F.Cu F.Paste F.Mask))
    (pad 15 smd rect (at -1.88214 9.4361) (size 0.8382 1.4478) (layers F.Cu F.Paste F.Mask))
    (pad 14 smd rect (at -3.13182 9.4361) (size 0.8382 1.4478) (layers F.Cu F.Paste F.Mask))
    (pad 13 smd rect (at -4.3815 9.4361) (size 0.8382 1.4478) (layers F.Cu F.Paste F.Mask))
    (pad 12 smd rect (at -6.5532 7.90448) (size 1.4478 0.8382) (layers F.Cu F.Paste F.Mask)
      (net 2 GND))
    (pad 11 smd rect (at -6.5532 6.6548) (size 1.4478 0.8382) (layers F.Cu F.Paste F.Mask))
    (pad 10 smd rect (at -6.5532 5.40512) (size 1.4478 0.8382) (layers F.Cu F.Paste F.Mask)
      (net 2 GND))
    (pad 9 smd rect (at -6.5532 4.15544) (size 1.4478 0.8382) (layers F.Cu F.Paste F.Mask))
    (pad 8 smd rect (at -6.5532 2.90576) (size 1.4478 0.8382) (layers F.Cu F.Paste F.Mask))
    (pad 7 smd rect (at -6.5532 1.65608) (size 1.4478 0.8382) (layers F.Cu F.Paste F.Mask))
    (pad 6 smd rect (at -6.5532 0.4064) (size 1.4478 0.8382) (layers F.Cu F.Paste F.Mask)
      (net 4 "Net-(C10-Pad2)"))
    (pad 5 smd rect (at -6.5532 -0.843281) (size 1.4478 0.8382) (layers F.Cu F.Paste F.Mask))
    (pad 4 smd rect (at -6.5532 -2.09296) (size 1.4478 0.8382) (layers F.Cu F.Paste F.Mask)
      (net 12 XB_RX))
    (pad 3 smd rect (at -6.5532 -3.34264) (size 1.4478 0.8382) (layers F.Cu F.Paste F.Mask)
      (net 13 XB_TX))
    (pad 2 smd rect (at -6.5532 -4.59232) (size 1.4478 0.8382) (layers F.Cu F.Paste F.Mask)
      (net 1 +3V3))
    (pad 1 smd rect (at -6.5532 -5.842) (size 1.4478 0.8382) (layers F.Cu F.Paste F.Mask)
      (net 2 GND))
    (model ${KIPRJMOD}/libraries/modules/package3d/XB3-CHIP-MMT.STEP
      (offset (xyz 64.5 33 -1))
      (scale (xyz 1 1 1))
      (rotate (xyz -90 0 0))
    )
  )

  (module Package_DFN_QFN:QFN-24-1EP_4x4mm_P0.5mm_EP2.6x2.6mm (layer B.Cu) (tedit 5DC5F6A3) (tstamp 60E9F1D2)
    (at 134.75 59 45)
    (descr "QFN, 24 Pin (http://ww1.microchip.com/downloads/en/PackagingSpec/00000049BQ.pdf#page=278), generated with kicad-footprint-generator ipc_noLead_generator.py")
    (tags "QFN NoLead")
    (path /60E9870C)
    (attr smd)
    (fp_text reference U1 (at 0 3.299999 45) (layer B.SilkS) hide
      (effects (font (size 1 1) (thickness 0.15)) (justify mirror))
    )
    (fp_text value CP2102N-A01-GQFN24 (at 0 -3.3 45) (layer B.Fab)
      (effects (font (size 1 1) (thickness 0.15)) (justify mirror))
    )
    (fp_line (start 2.6 2.6) (end -2.6 2.6) (layer B.CrtYd) (width 0.05))
    (fp_line (start 2.6 -2.6) (end 2.6 2.6) (layer B.CrtYd) (width 0.05))
    (fp_line (start -2.6 -2.6) (end 2.6 -2.6) (layer B.CrtYd) (width 0.05))
    (fp_line (start -2.6 2.6) (end -2.6 -2.6) (layer B.CrtYd) (width 0.05))
    (fp_line (start -2 1) (end -1 2) (layer B.Fab) (width 0.1))
    (fp_line (start -2 -2) (end -2 1) (layer B.Fab) (width 0.1))
    (fp_line (start 2 -2) (end -2 -2) (layer B.Fab) (width 0.1))
    (fp_line (start 2 2) (end 2 -2) (layer B.Fab) (width 0.1))
    (fp_line (start -1 2) (end 2 2) (layer B.Fab) (width 0.1))
    (fp_line (start -1.635 2.11) (end -2.11 2.11) (layer B.SilkS) (width 0.12))
    (fp_line (start 2.11 -2.11) (end 2.11 -1.635) (layer B.SilkS) (width 0.12))
    (fp_line (start 1.635 -2.11) (end 2.11 -2.11) (layer B.SilkS) (width 0.12))
    (fp_line (start -2.11 -2.11) (end -2.11 -1.635) (layer B.SilkS) (width 0.12))
    (fp_line (start -1.635 -2.11) (end -2.11 -2.11) (layer B.SilkS) (width 0.12))
    (fp_line (start 2.11 2.11) (end 2.11 1.635) (layer B.SilkS) (width 0.12))
    (fp_line (start 1.635 2.11) (end 2.11 2.11) (layer B.SilkS) (width 0.12))
    (fp_text user %R (at 0 0 45) (layer B.Fab)
      (effects (font (size 1 1) (thickness 0.15)) (justify mirror))
    )
    (pad 1 smd roundrect (at -1.9375 1.25 45) (size 0.825 0.25) (layers B.Cu B.Paste B.Mask) (roundrect_rratio 0.25))
    (pad 2 smd roundrect (at -1.9375 0.75 45) (size 0.825 0.25) (layers B.Cu B.Paste B.Mask) (roundrect_rratio 0.25)
      (net 2 GND))
    (pad 3 smd roundrect (at -1.9375 0.25 45) (size 0.825 0.25) (layers B.Cu B.Paste B.Mask) (roundrect_rratio 0.25)
      (net 5 D+))
    (pad 4 smd roundrect (at -1.9375 -0.25 45) (size 0.825 0.25) (layers B.Cu B.Paste B.Mask) (roundrect_rratio 0.25)
      (net 6 D-))
    (pad 5 smd roundrect (at -1.9375 -0.75 45) (size 0.825 0.25) (layers B.Cu B.Paste B.Mask) (roundrect_rratio 0.25)
      (net 1 +3V3))
    (pad 6 smd roundrect (at -1.9375 -1.25 45) (size 0.825 0.25) (layers B.Cu B.Paste B.Mask) (roundrect_rratio 0.25)
      (net 1 +3V3))
    (pad 7 smd roundrect (at -1.25 -1.9375 45) (size 0.25 0.825) (layers B.Cu B.Paste B.Mask) (roundrect_rratio 0.25)
      (net 3 +5V))
    (pad 8 smd roundrect (at -0.75 -1.9375 45) (size 0.25 0.825) (layers B.Cu B.Paste B.Mask) (roundrect_rratio 0.25)
      (net 10 "Net-(R3-Pad2)"))
    (pad 9 smd roundrect (at -0.25 -1.9375 45) (size 0.25 0.825) (layers B.Cu B.Paste B.Mask) (roundrect_rratio 0.25)
      (net 9 "Net-(R2-Pad2)"))
    (pad 10 smd roundrect (at 0.25 -1.9375 45) (size 0.25 0.825) (layers B.Cu B.Paste B.Mask) (roundrect_rratio 0.25))
    (pad 11 smd roundrect (at 0.75 -1.9375 45) (size 0.25 0.825) (layers B.Cu B.Paste B.Mask) (roundrect_rratio 0.25))
    (pad 12 smd roundrect (at 1.25 -1.9375 45) (size 0.25 0.825) (layers B.Cu B.Paste B.Mask) (roundrect_rratio 0.25))
    (pad 13 smd roundrect (at 1.9375 -1.25 45) (size 0.825 0.25) (layers B.Cu B.Paste B.Mask) (roundrect_rratio 0.25))
    (pad 14 smd roundrect (at 1.9375 -0.75 45) (size 0.825 0.25) (layers B.Cu B.Paste B.Mask) (roundrect_rratio 0.25))
    (pad 15 smd roundrect (at 1.9375 -0.25 45) (size 0.825 0.25) (layers B.Cu B.Paste B.Mask) (roundrect_rratio 0.25))
    (pad 16 smd roundrect (at 1.9375 0.25 45) (size 0.825 0.25) (layers B.Cu B.Paste B.Mask) (roundrect_rratio 0.25))
    (pad 17 smd roundrect (at 1.9375 0.75 45) (size 0.825 0.25) (layers B.Cu B.Paste B.Mask) (roundrect_rratio 0.25))
    (pad 18 smd roundrect (at 1.9375 1.25 45) (size 0.825 0.25) (layers B.Cu B.Paste B.Mask) (roundrect_rratio 0.25)
      (net 15 XB_RTS))
    (pad 19 smd roundrect (at 1.25 1.9375 45) (size 0.25 0.825) (layers B.Cu B.Paste B.Mask) (roundrect_rratio 0.25)
      (net 14 XB_CTS))
    (pad 20 smd roundrect (at 0.75 1.9375 45) (size 0.25 0.825) (layers B.Cu B.Paste B.Mask) (roundrect_rratio 0.25)
      (net 13 XB_TX))
    (pad 21 smd roundrect (at 0.25 1.9375 45) (size 0.25 0.825) (layers B.Cu B.Paste B.Mask) (roundrect_rratio 0.25)
      (net 12 XB_RX))
    (pad 22 smd roundrect (at -0.25 1.9375 45) (size 0.25 0.825) (layers B.Cu B.Paste B.Mask) (roundrect_rratio 0.25))
    (pad 23 smd roundrect (at -0.75 1.9375 45) (size 0.25 0.825) (layers B.Cu B.Paste B.Mask) (roundrect_rratio 0.25))
    (pad 24 smd roundrect (at -1.25 1.9375 45) (size 0.25 0.825) (layers B.Cu B.Paste B.Mask) (roundrect_rratio 0.25))
    (pad 25 smd rect (at 0 0 45) (size 2.6 2.6) (layers B.Cu B.Mask)
      (net 2 GND))
    (pad "" smd roundrect (at -0.65 0.65 45) (size 1.05 1.05) (layers B.Paste) (roundrect_rratio 0.2380942857142857))
    (pad "" smd roundrect (at -0.65 -0.65 45) (size 1.05 1.05) (layers B.Paste) (roundrect_rratio 0.2380942857142857))
    (pad "" smd roundrect (at 0.65 0.65 45) (size 1.05 1.05) (layers B.Paste) (roundrect_rratio 0.2380942857142857))
    (pad "" smd roundrect (at 0.65 -0.65 45) (size 1.05 1.05) (layers B.Paste) (roundrect_rratio 0.2380942857142857))
    (model ${KISYS3DMOD}/Package_DFN_QFN.3dshapes/QFN-24-1EP_4x4mm_P0.5mm_EP2.6x2.6mm.wrl
      (at (xyz 0 0 0))
      (scale (xyz 1 1 1))
      (rotate (xyz 0 0 0))
    )
  )

  (module Resistor_SMD:R_0805_2012Metric_Pad1.20x1.40mm_HandSolder (layer F.Cu) (tedit 5F68FEEE) (tstamp 60E9F1A0)
    (at 134.7 66.4 180)
    (descr "Resistor SMD 0805 (2012 Metric), square (rectangular) end terminal, IPC_7351 nominal with elongated pad for handsoldering. (Body size source: IPC-SM-782 page 72, https://www.pcb-3d.com/wordpress/wp-content/uploads/ipc-sm-782a_amendment_1_and_2.pdf), generated with kicad-footprint-generator")
    (tags "resistor handsolder")
    (path /60F9D3B4)
    (attr smd)
    (fp_text reference R6 (at 0 -1.65) (layer F.SilkS) hide
      (effects (font (size 1 1) (thickness 0.15)))
    )
    (fp_text value 100k (at 0 1.65) (layer F.Fab)
      (effects (font (size 1 1) (thickness 0.15)))
    )
    (fp_line (start 1.85 0.95) (end -1.85 0.95) (layer F.CrtYd) (width 0.05))
    (fp_line (start 1.85 -0.95) (end 1.85 0.95) (layer F.CrtYd) (width 0.05))
    (fp_line (start -1.85 -0.95) (end 1.85 -0.95) (layer F.CrtYd) (width 0.05))
    (fp_line (start -1.85 0.95) (end -1.85 -0.95) (layer F.CrtYd) (width 0.05))
    (fp_line (start -0.227064 0.735) (end 0.227064 0.735) (layer F.SilkS) (width 0.12))
    (fp_line (start -0.227064 -0.735) (end 0.227064 -0.735) (layer F.SilkS) (width 0.12))
    (fp_line (start 1 0.625) (end -1 0.625) (layer F.Fab) (width 0.1))
    (fp_line (start 1 -0.625) (end 1 0.625) (layer F.Fab) (width 0.1))
    (fp_line (start -1 -0.625) (end 1 -0.625) (layer F.Fab) (width 0.1))
    (fp_line (start -1 0.625) (end -1 -0.625) (layer F.Fab) (width 0.1))
    (fp_text user %R (at 0 0) (layer F.Fab)
      (effects (font (size 0.5 0.5) (thickness 0.08)))
    )
    (pad 1 smd roundrect (at -1 0 180) (size 1.2 1.4) (layers F.Cu F.Paste F.Mask) (roundrect_rratio 0.2083325)
      (net 1 +3V3))
    (pad 2 smd roundrect (at 1 0 180) (size 1.2 1.4) (layers F.Cu F.Paste F.Mask) (roundrect_rratio 0.2083325)
      (net 4 "Net-(C10-Pad2)"))
    (model ${KISYS3DMOD}/Resistor_SMD.3dshapes/R_0805_2012Metric.wrl
      (at (xyz 0 0 0))
      (scale (xyz 1 1 1))
      (rotate (xyz 0 0 0))
    )
  )

  (module Resistor_SMD:R_0805_2012Metric_Pad1.20x1.40mm_HandSolder (layer B.Cu) (tedit 5F68FEEE) (tstamp 60E9F18F)
    (at 134.75 49 270)
    (descr "Resistor SMD 0805 (2012 Metric), square (rectangular) end terminal, IPC_7351 nominal with elongated pad for handsoldering. (Body size source: IPC-SM-782 page 72, https://www.pcb-3d.com/wordpress/wp-content/uploads/ipc-sm-782a_amendment_1_and_2.pdf), generated with kicad-footprint-generator")
    (tags "resistor handsolder")
    (path /60FD5DB3)
    (attr smd)
    (fp_text reference R5 (at 0 1.65 90) (layer B.SilkS) hide
      (effects (font (size 1 1) (thickness 0.15)) (justify mirror))
    )
    (fp_text value 1k (at 0 -1.65 90) (layer B.Fab)
      (effects (font (size 1 1) (thickness 0.15)) (justify mirror))
    )
    (fp_line (start 1.85 -0.95) (end -1.85 -0.95) (layer B.CrtYd) (width 0.05))
    (fp_line (start 1.85 0.95) (end 1.85 -0.95) (layer B.CrtYd) (width 0.05))
    (fp_line (start -1.85 0.95) (end 1.85 0.95) (layer B.CrtYd) (width 0.05))
    (fp_line (start -1.85 -0.95) (end -1.85 0.95) (layer B.CrtYd) (width 0.05))
    (fp_line (start -0.227064 -0.735) (end 0.227064 -0.735) (layer B.SilkS) (width 0.12))
    (fp_line (start -0.227064 0.735) (end 0.227064 0.735) (layer B.SilkS) (width 0.12))
    (fp_line (start 1 -0.625) (end -1 -0.625) (layer B.Fab) (width 0.1))
    (fp_line (start 1 0.625) (end 1 -0.625) (layer B.Fab) (width 0.1))
    (fp_line (start -1 0.625) (end 1 0.625) (layer B.Fab) (width 0.1))
    (fp_line (start -1 -0.625) (end -1 0.625) (layer B.Fab) (width 0.1))
    (fp_text user %R (at 0 0 90) (layer B.Fab)
      (effects (font (size 0.5 0.5) (thickness 0.08)) (justify mirror))
    )
    (pad 1 smd roundrect (at -1 0 270) (size 1.2 1.4) (layers B.Cu B.Paste B.Mask) (roundrect_rratio 0.2083325)
      (net 11 "Net-(R5-Pad1)"))
    (pad 2 smd roundrect (at 1 0 270) (size 1.2 1.4) (layers B.Cu B.Paste B.Mask) (roundrect_rratio 0.2083325)
      (net 7 "Net-(D2-Pad2)"))
    (model ${KISYS3DMOD}/Resistor_SMD.3dshapes/R_0805_2012Metric.wrl
      (at (xyz 0 0 0))
      (scale (xyz 1 1 1))
      (rotate (xyz 0 0 0))
    )
  )

  (module Resistor_SMD:R_0805_2012Metric_Pad1.20x1.40mm_HandSolder (layer B.Cu) (tedit 5F68FEEE) (tstamp 60E9F17E)
    (at 132.75 52.75 90)
    (descr "Resistor SMD 0805 (2012 Metric), square (rectangular) end terminal, IPC_7351 nominal with elongated pad for handsoldering. (Body size source: IPC-SM-782 page 72, https://www.pcb-3d.com/wordpress/wp-content/uploads/ipc-sm-782a_amendment_1_and_2.pdf), generated with kicad-footprint-generator")
    (tags "resistor handsolder")
    (path /60ECA892)
    (attr smd)
    (fp_text reference R4 (at 0 1.65 90) (layer B.SilkS) hide
      (effects (font (size 1 1) (thickness 0.15)) (justify mirror))
    )
    (fp_text value 47k (at 0 -1.65 90) (layer B.Fab)
      (effects (font (size 1 1) (thickness 0.15)) (justify mirror))
    )
    (fp_line (start 1.85 -0.95) (end -1.85 -0.95) (layer B.CrtYd) (width 0.05))
    (fp_line (start 1.85 0.95) (end 1.85 -0.95) (layer B.CrtYd) (width 0.05))
    (fp_line (start -1.85 0.95) (end 1.85 0.95) (layer B.CrtYd) (width 0.05))
    (fp_line (start -1.85 -0.95) (end -1.85 0.95) (layer B.CrtYd) (width 0.05))
    (fp_line (start -0.227064 -0.735) (end 0.227064 -0.735) (layer B.SilkS) (width 0.12))
    (fp_line (start -0.227064 0.735) (end 0.227064 0.735) (layer B.SilkS) (width 0.12))
    (fp_line (start 1 -0.625) (end -1 -0.625) (layer B.Fab) (width 0.1))
    (fp_line (start 1 0.625) (end 1 -0.625) (layer B.Fab) (width 0.1))
    (fp_line (start -1 0.625) (end 1 0.625) (layer B.Fab) (width 0.1))
    (fp_line (start -1 -0.625) (end -1 0.625) (layer B.Fab) (width 0.1))
    (fp_text user %R (at 0 0 90) (layer B.Fab)
      (effects (font (size 0.5 0.5) (thickness 0.08)) (justify mirror))
    )
    (pad 1 smd roundrect (at -1 0 90) (size 1.2 1.4) (layers B.Cu B.Paste B.Mask) (roundrect_rratio 0.2083325)
      (net 10 "Net-(R3-Pad2)"))
    (pad 2 smd roundrect (at 1 0 90) (size 1.2 1.4) (layers B.Cu B.Paste B.Mask) (roundrect_rratio 0.2083325)
      (net 2 GND))
    (model ${KISYS3DMOD}/Resistor_SMD.3dshapes/R_0805_2012Metric.wrl
      (at (xyz 0 0 0))
      (scale (xyz 1 1 1))
      (rotate (xyz 0 0 0))
    )
  )

  (module Resistor_SMD:R_0805_2012Metric_Pad1.20x1.40mm_HandSolder (layer B.Cu) (tedit 5F68FEEE) (tstamp 60E9F16D)
    (at 134.75 52.75 270)
    (descr "Resistor SMD 0805 (2012 Metric), square (rectangular) end terminal, IPC_7351 nominal with elongated pad for handsoldering. (Body size source: IPC-SM-782 page 72, https://www.pcb-3d.com/wordpress/wp-content/uploads/ipc-sm-782a_amendment_1_and_2.pdf), generated with kicad-footprint-generator")
    (tags "resistor handsolder")
    (path /60ECEC1F)
    (attr smd)
    (fp_text reference R3 (at 0 1.65 90) (layer B.SilkS) hide
      (effects (font (size 1 1) (thickness 0.15)) (justify mirror))
    )
    (fp_text value 20k (at 0 -1.65 90) (layer B.Fab)
      (effects (font (size 1 1) (thickness 0.15)) (justify mirror))
    )
    (fp_line (start 1.85 -0.95) (end -1.85 -0.95) (layer B.CrtYd) (width 0.05))
    (fp_line (start 1.85 0.95) (end 1.85 -0.95) (layer B.CrtYd) (width 0.05))
    (fp_line (start -1.85 0.95) (end 1.85 0.95) (layer B.CrtYd) (width 0.05))
    (fp_line (start -1.85 -0.95) (end -1.85 0.95) (layer B.CrtYd) (width 0.05))
    (fp_line (start -0.227064 -0.735) (end 0.227064 -0.735) (layer B.SilkS) (width 0.12))
    (fp_line (start -0.227064 0.735) (end 0.227064 0.735) (layer B.SilkS) (width 0.12))
    (fp_line (start 1 -0.625) (end -1 -0.625) (layer B.Fab) (width 0.1))
    (fp_line (start 1 0.625) (end 1 -0.625) (layer B.Fab) (width 0.1))
    (fp_line (start -1 0.625) (end 1 0.625) (layer B.Fab) (width 0.1))
    (fp_line (start -1 -0.625) (end -1 0.625) (layer B.Fab) (width 0.1))
    (fp_text user %R (at 0 0 90) (layer B.Fab)
      (effects (font (size 0.5 0.5) (thickness 0.08)) (justify mirror))
    )
    (pad 1 smd roundrect (at -1 0 270) (size 1.2 1.4) (layers B.Cu B.Paste B.Mask) (roundrect_rratio 0.2083325)
      (net 3 +5V))
    (pad 2 smd roundrect (at 1 0 270) (size 1.2 1.4) (layers B.Cu B.Paste B.Mask) (roundrect_rratio 0.2083325)
      (net 10 "Net-(R3-Pad2)"))
    (model ${KISYS3DMOD}/Resistor_SMD.3dshapes/R_0805_2012Metric.wrl
      (at (xyz 0 0 0))
      (scale (xyz 1 1 1))
      (rotate (xyz 0 0 0))
    )
  )

  (module Resistor_SMD:R_0805_2012Metric_Pad1.20x1.40mm_HandSolder (layer B.Cu) (tedit 5F68FEEE) (tstamp 60E9F15C)
    (at 136.75 52.75 270)
    (descr "Resistor SMD 0805 (2012 Metric), square (rectangular) end terminal, IPC_7351 nominal with elongated pad for handsoldering. (Body size source: IPC-SM-782 page 72, https://www.pcb-3d.com/wordpress/wp-content/uploads/ipc-sm-782a_amendment_1_and_2.pdf), generated with kicad-footprint-generator")
    (tags "resistor handsolder")
    (path /60EE5B20)
    (attr smd)
    (fp_text reference R2 (at 0 1.65 90) (layer B.SilkS) hide
      (effects (font (size 1 1) (thickness 0.15)) (justify mirror))
    )
    (fp_text value 1k (at 0 -1.65 90) (layer B.Fab)
      (effects (font (size 1 1) (thickness 0.15)) (justify mirror))
    )
    (fp_line (start 1.85 -0.95) (end -1.85 -0.95) (layer B.CrtYd) (width 0.05))
    (fp_line (start 1.85 0.95) (end 1.85 -0.95) (layer B.CrtYd) (width 0.05))
    (fp_line (start -1.85 0.95) (end 1.85 0.95) (layer B.CrtYd) (width 0.05))
    (fp_line (start -1.85 -0.95) (end -1.85 0.95) (layer B.CrtYd) (width 0.05))
    (fp_line (start -0.227064 -0.735) (end 0.227064 -0.735) (layer B.SilkS) (width 0.12))
    (fp_line (start -0.227064 0.735) (end 0.227064 0.735) (layer B.SilkS) (width 0.12))
    (fp_line (start 1 -0.625) (end -1 -0.625) (layer B.Fab) (width 0.1))
    (fp_line (start 1 0.625) (end 1 -0.625) (layer B.Fab) (width 0.1))
    (fp_line (start -1 0.625) (end 1 0.625) (layer B.Fab) (width 0.1))
    (fp_line (start -1 -0.625) (end -1 0.625) (layer B.Fab) (width 0.1))
    (fp_text user %R (at 0 0 90) (layer B.Fab)
      (effects (font (size 0.5 0.5) (thickness 0.08)) (justify mirror))
    )
    (pad 1 smd roundrect (at -1 0 270) (size 1.2 1.4) (layers B.Cu B.Paste B.Mask) (roundrect_rratio 0.2083325)
      (net 1 +3V3))
    (pad 2 smd roundrect (at 1 0 270) (size 1.2 1.4) (layers B.Cu B.Paste B.Mask) (roundrect_rratio 0.2083325)
      (net 9 "Net-(R2-Pad2)"))
    (model ${KISYS3DMOD}/Resistor_SMD.3dshapes/R_0805_2012Metric.wrl
      (at (xyz 0 0 0))
      (scale (xyz 1 1 1))
      (rotate (xyz 0 0 0))
    )
  )

  (module Resistor_SMD:R_0805_2012Metric_Pad1.20x1.40mm_HandSolder (layer B.Cu) (tedit 5F68FEEE) (tstamp 60E9F14B)
    (at 136.25 65.75 90)
    (descr "Resistor SMD 0805 (2012 Metric), square (rectangular) end terminal, IPC_7351 nominal with elongated pad for handsoldering. (Body size source: IPC-SM-782 page 72, https://www.pcb-3d.com/wordpress/wp-content/uploads/ipc-sm-782a_amendment_1_and_2.pdf), generated with kicad-footprint-generator")
    (tags "resistor handsolder")
    (path /60EC7565)
    (attr smd)
    (fp_text reference R1 (at 0 1.65 90) (layer B.SilkS) hide
      (effects (font (size 1 1) (thickness 0.15)) (justify mirror))
    )
    (fp_text value 5.1k (at 0 -1.65 90) (layer B.Fab)
      (effects (font (size 1 1) (thickness 0.15)) (justify mirror))
    )
    (fp_line (start 1.85 -0.95) (end -1.85 -0.95) (layer B.CrtYd) (width 0.05))
    (fp_line (start 1.85 0.95) (end 1.85 -0.95) (layer B.CrtYd) (width 0.05))
    (fp_line (start -1.85 0.95) (end 1.85 0.95) (layer B.CrtYd) (width 0.05))
    (fp_line (start -1.85 -0.95) (end -1.85 0.95) (layer B.CrtYd) (width 0.05))
    (fp_line (start -0.227064 -0.735) (end 0.227064 -0.735) (layer B.SilkS) (width 0.12))
    (fp_line (start -0.227064 0.735) (end 0.227064 0.735) (layer B.SilkS) (width 0.12))
    (fp_line (start 1 -0.625) (end -1 -0.625) (layer B.Fab) (width 0.1))
    (fp_line (start 1 0.625) (end 1 -0.625) (layer B.Fab) (width 0.1))
    (fp_line (start -1 0.625) (end 1 0.625) (layer B.Fab) (width 0.1))
    (fp_line (start -1 -0.625) (end -1 0.625) (layer B.Fab) (width 0.1))
    (fp_text user %R (at 0 0 90) (layer B.Fab)
      (effects (font (size 0.5 0.5) (thickness 0.08)) (justify mirror))
    )
    (pad 1 smd roundrect (at -1 0 90) (size 1.2 1.4) (layers B.Cu B.Paste B.Mask) (roundrect_rratio 0.2083325)
      (net 8 "Net-(J1-PadA5)"))
    (pad 2 smd roundrect (at 1 0 90) (size 1.2 1.4) (layers B.Cu B.Paste B.Mask) (roundrect_rratio 0.2083325)
      (net 2 GND))
    (model ${KISYS3DMOD}/Resistor_SMD.3dshapes/R_0805_2012Metric.wrl
      (at (xyz 0 0 0))
      (scale (xyz 1 1 1))
      (rotate (xyz 0 0 0))
    )
  )

  (module LED_SMD:LED_0805_2012Metric_Pad1.15x1.40mm_HandSolder (layer B.Cu) (tedit 5F68FEF1) (tstamp 60E9F10F)
    (at 136.75 49 270)
    (descr "LED SMD 0805 (2012 Metric), square (rectangular) end terminal, IPC_7351 nominal, (Body size source: https://docs.google.com/spreadsheets/d/1BsfQQcO9C6DZCsRaXUlFlo91Tg2WpOkGARC1WS5S8t0/edit?usp=sharing), generated with kicad-footprint-generator")
    (tags "LED handsolder")
    (path /60FDE505)
    (attr smd)
    (fp_text reference D2 (at 0 1.65 90) (layer B.SilkS) hide
      (effects (font (size 1 1) (thickness 0.15)) (justify mirror))
    )
    (fp_text value APT2012SYCK/J3-PRV (at 0 -1.65 90) (layer B.Fab)
      (effects (font (size 1 1) (thickness 0.15)) (justify mirror))
    )
    (fp_line (start 1.85 -0.95) (end -1.85 -0.95) (layer B.CrtYd) (width 0.05))
    (fp_line (start 1.85 0.95) (end 1.85 -0.95) (layer B.CrtYd) (width 0.05))
    (fp_line (start -1.85 0.95) (end 1.85 0.95) (layer B.CrtYd) (width 0.05))
    (fp_line (start -1.85 -0.95) (end -1.85 0.95) (layer B.CrtYd) (width 0.05))
    (fp_line (start -1.86 -0.96) (end 1 -0.96) (layer B.SilkS) (width 0.12))
    (fp_line (start -1.86 0.96) (end -1.86 -0.96) (layer B.SilkS) (width 0.12))
    (fp_line (start 1 0.96) (end -1.86 0.96) (layer B.SilkS) (width 0.12))
    (fp_line (start 1 -0.6) (end 1 0.6) (layer B.Fab) (width 0.1))
    (fp_line (start -1 -0.6) (end 1 -0.6) (layer B.Fab) (width 0.1))
    (fp_line (start -1 0.3) (end -1 -0.6) (layer B.Fab) (width 0.1))
    (fp_line (start -0.7 0.6) (end -1 0.3) (layer B.Fab) (width 0.1))
    (fp_line (start 1 0.6) (end -0.7 0.6) (layer B.Fab) (width 0.1))
    (fp_text user %R (at 0 0 90) (layer B.Fab)
      (effects (font (size 0.5 0.5) (thickness 0.08)) (justify mirror))
    )
    (pad 1 smd roundrect (at -1.025 0 270) (size 1.15 1.4) (layers B.Cu B.Paste B.Mask) (roundrect_rratio 0.2173904347826087)
      (net 2 GND))
    (pad 2 smd roundrect (at 1.025 0 270) (size 1.15 1.4) (layers B.Cu B.Paste B.Mask) (roundrect_rratio 0.2173904347826087)
      (net 7 "Net-(D2-Pad2)"))
    (model ${KISYS3DMOD}/LED_SMD.3dshapes/LED_0805_2012Metric.wrl
      (at (xyz 0 0 0))
      (scale (xyz 1 1 1))
      (rotate (xyz 0 0 0))
    )
  )

  (module Package_TO_SOT_SMD:SOT-143 (layer B.Cu) (tedit 5A02FF57) (tstamp 60E9F0FC)
    (at 132.75 65.75 180)
    (descr SOT-143)
    (tags SOT-143)
    (path /60F088AD)
    (attr smd)
    (fp_text reference D1 (at 0.02 2.38) (layer B.SilkS) hide
      (effects (font (size 1 1) (thickness 0.15)) (justify mirror))
    )
    (fp_text value SP0503BAHT (at -0.28 -2.48) (layer B.Fab)
      (effects (font (size 1 1) (thickness 0.15)) (justify mirror))
    )
    (fp_line (start -2.05 -1.75) (end -2.05 1.75) (layer B.CrtYd) (width 0.05))
    (fp_line (start -2.05 -1.75) (end 2.05 -1.75) (layer B.CrtYd) (width 0.05))
    (fp_line (start 2.05 1.75) (end -2.05 1.75) (layer B.CrtYd) (width 0.05))
    (fp_line (start 2.05 1.75) (end 2.05 -1.75) (layer B.CrtYd) (width 0.05))
    (fp_line (start 1.2 1.5) (end 1.2 -1.5) (layer B.Fab) (width 0.1))
    (fp_line (start 1.2 -1.5) (end -1.2 -1.5) (layer B.Fab) (width 0.1))
    (fp_line (start -1.2 -1.5) (end -1.2 1) (layer B.Fab) (width 0.1))
    (fp_line (start -0.7 1.5) (end 1.2 1.5) (layer B.Fab) (width 0.1))
    (fp_line (start -1.2 1) (end -0.7 1.5) (layer B.Fab) (width 0.1))
    (fp_line (start 1.2 1.55) (end -1.75 1.55) (layer B.SilkS) (width 0.12))
    (fp_line (start -1.2 -1.55) (end 1.2 -1.55) (layer B.SilkS) (width 0.12))
    (fp_text user %R (at 0 0 270) (layer B.Fab)
      (effects (font (size 0.5 0.5) (thickness 0.075)) (justify mirror))
    )
    (pad 1 smd rect (at -1.1 0.77 270) (size 1.2 1.4) (layers B.Cu B.Paste B.Mask)
      (net 2 GND))
    (pad 2 smd rect (at -1.1 -0.95 270) (size 1 1.4) (layers B.Cu B.Paste B.Mask)
      (net 5 D+))
    (pad 3 smd rect (at 1.1 -0.95 270) (size 1 1.4) (layers B.Cu B.Paste B.Mask)
      (net 6 D-))
    (pad 4 smd rect (at 1.1 0.95 270) (size 1 1.4) (layers B.Cu B.Paste B.Mask)
      (net 3 +5V))
    (model ${KISYS3DMOD}/Package_TO_SOT_SMD.3dshapes/SOT-143.wrl
      (at (xyz 0 0 0))
      (scale (xyz 1 1 1))
      (rotate (xyz 0 0 0))
    )
  )

  (module Capacitor_SMD:C_0805_2012Metric_Pad1.18x1.45mm_HandSolder (layer F.Cu) (tedit 5F68FEEF) (tstamp 60E9F0E8)
    (at 130.8 66.4)
    (descr "Capacitor SMD 0805 (2012 Metric), square (rectangular) end terminal, IPC_7351 nominal with elongated pad for handsoldering. (Body size source: IPC-SM-782 page 76, https://www.pcb-3d.com/wordpress/wp-content/uploads/ipc-sm-782a_amendment_1_and_2.pdf, https://docs.google.com/spreadsheets/d/1BsfQQcO9C6DZCsRaXUlFlo91Tg2WpOkGARC1WS5S8t0/edit?usp=sharing), generated with kicad-footprint-generator")
    (tags "capacitor handsolder")
    (path /60FB6F9E)
    (attr smd)
    (fp_text reference C10 (at 0 -1.68) (layer F.SilkS) hide
      (effects (font (size 1 1) (thickness 0.15)))
    )
    (fp_text value 10nF (at 0 1.68) (layer F.Fab)
      (effects (font (size 1 1) (thickness 0.15)))
    )
    (fp_line (start 1.88 0.98) (end -1.88 0.98) (layer F.CrtYd) (width 0.05))
    (fp_line (start 1.88 -0.98) (end 1.88 0.98) (layer F.CrtYd) (width 0.05))
    (fp_line (start -1.88 -0.98) (end 1.88 -0.98) (layer F.CrtYd) (width 0.05))
    (fp_line (start -1.88 0.98) (end -1.88 -0.98) (layer F.CrtYd) (width 0.05))
    (fp_line (start -0.261252 0.735) (end 0.261252 0.735) (layer F.SilkS) (width 0.12))
    (fp_line (start -0.261252 -0.735) (end 0.261252 -0.735) (layer F.SilkS) (width 0.12))
    (fp_line (start 1 0.625) (end -1 0.625) (layer F.Fab) (width 0.1))
    (fp_line (start 1 -0.625) (end 1 0.625) (layer F.Fab) (width 0.1))
    (fp_line (start -1 -0.625) (end 1 -0.625) (layer F.Fab) (width 0.1))
    (fp_line (start -1 0.625) (end -1 -0.625) (layer F.Fab) (width 0.1))
    (fp_text user %R (at 0 0) (layer F.Fab)
      (effects (font (size 0.5 0.5) (thickness 0.08)))
    )
    (pad 1 smd roundrect (at -1.0375 0) (size 1.175 1.45) (layers F.Cu F.Paste F.Mask) (roundrect_rratio 0.2127659574468085)
      (net 2 GND))
    (pad 2 smd roundrect (at 1.0375 0) (size 1.175 1.45) (layers F.Cu F.Paste F.Mask) (roundrect_rratio 0.2127659574468085)
      (net 4 "Net-(C10-Pad2)"))
    (model ${KISYS3DMOD}/Capacitor_SMD.3dshapes/C_0805_2012Metric.wrl
      (at (xyz 0 0 0))
      (scale (xyz 1 1 1))
      (rotate (xyz 0 0 0))
    )
  )

  (module Capacitor_SMD:C_0805_2012Metric_Pad1.18x1.45mm_HandSolder (layer B.Cu) (tedit 5F68FEEF) (tstamp 60E9F0D7)
    (at 128.75 48.9625 270)
    (descr "Capacitor SMD 0805 (2012 Metric), square (rectangular) end terminal, IPC_7351 nominal with elongated pad for handsoldering. (Body size source: IPC-SM-782 page 76, https://www.pcb-3d.com/wordpress/wp-content/uploads/ipc-sm-782a_amendment_1_and_2.pdf, https://docs.google.com/spreadsheets/d/1BsfQQcO9C6DZCsRaXUlFlo91Tg2WpOkGARC1WS5S8t0/edit?usp=sharing), generated with kicad-footprint-generator")
    (tags "capacitor handsolder")
    (path /60F59BD3)
    (attr smd)
    (fp_text reference C9 (at 0 1.68 90) (layer B.SilkS) hide
      (effects (font (size 1 1) (thickness 0.15)) (justify mirror))
    )
    (fp_text value 0.1uF (at 0 -1.68 90) (layer B.Fab)
      (effects (font (size 1 1) (thickness 0.15)) (justify mirror))
    )
    (fp_line (start 1.88 -0.98) (end -1.88 -0.98) (layer B.CrtYd) (width 0.05))
    (fp_line (start 1.88 0.98) (end 1.88 -0.98) (layer B.CrtYd) (width 0.05))
    (fp_line (start -1.88 0.98) (end 1.88 0.98) (layer B.CrtYd) (width 0.05))
    (fp_line (start -1.88 -0.98) (end -1.88 0.98) (layer B.CrtYd) (width 0.05))
    (fp_line (start -0.261252 -0.735) (end 0.261252 -0.735) (layer B.SilkS) (width 0.12))
    (fp_line (start -0.261252 0.735) (end 0.261252 0.735) (layer B.SilkS) (width 0.12))
    (fp_line (start 1 -0.625) (end -1 -0.625) (layer B.Fab) (width 0.1))
    (fp_line (start 1 0.625) (end 1 -0.625) (layer B.Fab) (width 0.1))
    (fp_line (start -1 0.625) (end 1 0.625) (layer B.Fab) (width 0.1))
    (fp_line (start -1 -0.625) (end -1 0.625) (layer B.Fab) (width 0.1))
    (fp_text user %R (at 0 0 90) (layer B.Fab)
      (effects (font (size 0.5 0.5) (thickness 0.08)) (justify mirror))
    )
    (pad 1 smd roundrect (at -1.0375 0 270) (size 1.175 1.45) (layers B.Cu B.Paste B.Mask) (roundrect_rratio 0.2127659574468085)
